ZL1BYP	Whangaparaoa   36.6344S	174.7422E
AOS:		
Sample	Dif Phase	TEC
1	2.825024	0.427128
2	6.214585	0.9396107
3	0.05004454	0.007566455
4	5.736398	0.8673114
5	6.010846	0.9088065
6	5.990624	0.9057491
7	3.561071	0.5384141
8	3.513511	0.5312234
9	4.088688	0.618187
10	5.855043	0.8852499
11	4.047747	0.6119968
12	0.6665142	0.1007732
13	0.5667291	0.08568628
14	6.267556	0.9476196
15	5.592739	0.845591
16	6.494279	0.9818988
17	0.07346058	0.01110683
18	5.207636	0.7873656
19	0.7604578	0.114977
20	5.608986	0.8480476
21	6.124946	0.9260578
22	5.742773	0.8682753
23	0.1148765	0.01736869
24	6.249865	0.9449448
25	7.253926	1.096753
26	3.605233	0.5450912
27	5.764046	0.8714917
28	5.860559	0.8860838
29	5.329358	0.8057693
30	0.2782996	0.04207735
31	2.04452	0.3091201
32	2.563327	0.3875607
33	6.090678	0.9208767
34	6.103332	0.9227899
35	5.721962	0.8651289
36	0.4455771	0.06736878
37	0.2631584	0.03978809
38	0.785398	0.1187478
39	5.853424	0.8850052
40	2.984984	0.451313
41	1.177252	0.1779939
42	5.989597	0.9055937
43	3.314846	0.5011862
44	5.607069	0.8477576
45	3.828546	0.5788548
46	0.3406162	0.05149928
47	0.05588579	0.008449621
48	5.872475	0.8878856
49	3.758785	0.5683074
50	5.954393	0.9002712
51	1.971497	0.2980794
52	2.364948	0.357567
53	0.1599131	0.02417797
54	0.02127314	0.00321638
55	5.669978	0.8572692
56	2.933128	0.4434727
57	4.055244	0.6131303
58	3.327823	0.5031483
59	0.4849272	0.07331829
60	5.766498	0.8718624
61	3.511645	0.5309412
62	5.142152	0.7774647
63	3.295137	0.4982064
64	5.723059	0.8652946
65	2.498085	0.3776965
66	2.670904	0.4038258
67	5.863708	0.8865601
68	1.926432	0.2912658
69	3.224735	0.487562
70	2.490516	0.3765521
71	4.437585	0.6709381
72	0.6112607	0.09241921
73	5.306682	0.8023408
74	2.675663	0.4045454
75	0.266252	0.04025583
76	1.1496	0.1738132
77	0.2220819	0.03357755
78	3.017237	0.4561895
79	0.06947041	0.01050354
80	2.009655	0.3038487
81	4.446144	0.6722323
82	0.3612037	0.05461198
83	0.4280894	0.06472474
84	3.062296	0.4630022
85	3.856313	0.5830531
86	5.222599	0.7896279
87	0.1693037	0.02559777
88	0.979727	0.1481293
89	4.344092	0.6568026
90	0.141897	0.02145403
91	0.8505232	0.1285944
92	5.212325	0.7880746
93	5.208813	0.7875435
94	3.564446	0.5389245
95	5.432663	0.8213884
96	5.444851	0.8232312
97	0.1243553	0.01880183
98	5.888395	0.8902925
99	2.406877	0.3639064
100	3.099758	0.4686661
101	5.998456	0.9069331
102	5.961435	0.9013358
103	0.2570927	0.03887099
104	6.265072	0.947244
105	5.158502	0.7799367
106	0.3329232	0.05033613
107	0.3422956	0.0517532
108	3.903747	0.5902247
109	3.837804	0.5802547
110	3.12032	0.4717751
111	3.591353	0.5429927
112	0.9884369	0.1494462
113	0.3674707	0.05555953
114	0.8921337	0.1348857
115	5.903172	0.8925267
116	2.184757	0.3303231
117	1.991135	0.3010485
118	5.129093	0.7754903
119	0.1166232	0.01763277
120	6.09586	0.9216601
121	6.075697	0.9186116
122	0.4248385	0.06423322
123	3.424001	0.5176899
124	0.1364088	0.02062425
125	3.509465	0.5306116
126	2.045434	0.3092582
127	6.232657	0.9423431
128	3.736353	0.5649157
129	4.019435	0.6077162
130	5.92578	0.895945
131	3.502166	0.529508
132	5.555247	0.8399224
133	6.463259	0.9772087
134	6.126591	0.9263064
135	0.9286251	0.1404029
136	2.537508	0.3836571
137	2.833723	0.4284432
138	3.731592	0.564196
139	0.7123516	0.1077036
140	5.421016	0.8196275
141	3.118342	0.471476
142	0.06099296	0.009221796
143	6.259929	0.9464664
144	0.1930709	0.02919124
145	3.840585	0.5806751
146	0.06848311	0.01035427
147	0.2495868	0.03773614
148	0.3217444	0.04864597
149	0.3455555	0.05224608
150	3.752531	0.5673618
151	3.982926	0.6021962
152	4.219098	0.6379042
153	2.819836	0.4263435
154	2.677938	0.4048894
155	2.121176	0.32071
156	3.636487	0.5498167
157	2.761086	0.4174608
158	3.745342	0.5662748
159	6.034896	0.9124427
160	3.475929	0.5255411
161	0.7790225	0.1177839
162	0.7366498	0.1113773
163	3.232252	0.4886985
164	5.247345	0.7933694
165	5.337239	0.8069608
166	5.924416	0.8957387
167	0.9437256	0.1426861
168	3.447034	0.5211723
169	0.9097531	0.1375496
170	1.227046	0.1855226
171	1.083897	0.1638792
172	2.668391	0.4034458
173	3.044874	0.460368
174	1.359703	0.2055795
175	0.4636474	0.0701009
176	0.7226784	0.109265
177	0.2799208	0.04232247
178	6.199387	0.9373128
179	0.2421355	0.03660955
180	3.577646	0.5409202
181	0.6747472	0.102018
182	1.120331	0.1693879
183	1.007268	0.1522933
184	3.360263	0.508053
185	3.072737	0.4645808
186	2.220417	0.3357146
187	2.462581	0.3723285
188	3.041924	0.4599219
189	2.111215	0.319204
190	2.257922	0.3413852
191	3.076469	0.465145
192	5.377159	0.8129964
193	0.2942345	0.04448662
194	0.974597	0.1473536
195	5.678535	0.8585628
196	2.543625	0.3845819
197	0.9123709	0.1379454
198	6.238606	0.9432426
199	0.08981347	0.0135793
200	5.84265	0.8833762
201	0.3217506	0.04864691
202	5.188085	0.7844096
203	5.816066	0.8793569
204	2.880523	0.435519
205	3.106432	0.4696753
206	0.4124107	0.06235421
207	2.988048	0.4517763
208	3.71164	0.5611794
209	0.5112247	0.07729433
210	4.096933	0.6194335
211	2.934469	0.4436753
212	4.033383	0.6098251
213	5.867122	0.8870761
214	3.086094	0.4666002
215	0.5667293	0.08568632
216	1.992209	0.3012109
217	3.297886	0.498622
218	3.53465	0.5344194
219	3.619945	0.5473155
220	3.127308	0.4728315
221	1.117249	0.1689219
222	3.17099	0.479436
223	0.3081794	0.04659501
224	3.389876	0.5125304
225	2.641597	0.3993948
226	0.324039	0.04899289
227	0.3200645	0.04839198
228	0.5700407	0.08618698
229	2.581234	0.3902681
230	6.035231	0.9124933
231	0.7266426	0.1098643
232	5.997135	0.9067335
233	0.3535869	0.05346037
234	0.02343941	0.003543908
235	0.6614108	0.1000016
236	0.3800375	0.05745956
237	0.9827938	0.1485929
238	0.7165418	0.1083371
239	1.464727	0.2214585
240	2.845248	0.4301857
241	5.695189	0.8610809
242	0.5645695	0.08535976
243	5.208284	0.7874636
244	3.684165	0.5570253
245	3.653635	0.5524093
246	5.771955	0.8726876
247	0.7949154	0.1201868
248	0.8276203	0.1251316
249	2.884269	0.4360853
250	2.643476	0.3996788
251	0.8742964	0.1321888
252	3.722019	0.5627486
253	3.342713	0.5053996
254	0.5467889	0.08267143
255	1.065354	0.1610756
256	3.479152	0.5260284
257	5.546467	0.8385949
258	5.856559	0.8854791
259	3.529911	0.5337029
260	3.095479	0.4680192
261	2.563187	0.3875396
262	3.120237	0.4717625
263	5.153255	0.7791436
264	5.056159	0.7644631
265	0.2558022	0.03867586
266	5.703909	0.8623993
267	6.038207	0.9129433
268	2.773364	0.4193172
269	1.050772	0.1588708
270	3.851663	0.58235
271	0.1080117	0.01633077
272	5.992784	0.9060756
273	6.113408	0.9243132
274	6.2373	0.943045
275	2.251318	0.3403867
276	0.6560431	0.09919006
277	0.4767127	0.07207631
278	5.716457	0.8642965
279	5.705627	0.862659
280	5.705627	0.862659
281	5.730155	0.8663675
282	4.302261	0.650478
283	3.275335	0.4952124
284	2.940275	0.4445533
285	5.310359	0.8028967
286	0.4799504	0.07256583
287	6.272434	0.9483572
288	0.2782998	0.04207738
289	6.001187	0.9073461
290	6.022583	0.9105811
291	2.765952	0.4181966
292	3.286448	0.4968927
293	4.150075	0.6274682
294	0.7483845	0.1131516
295	6.178112	0.9340962
296	4.88619	0.7387648
297	3.438466	0.519877
298	6.184072	0.9349973
299	0.4489872	0.06788437
300	0.1667843	0.02521686
301	6.138016	0.9280338
302	6.074163	0.9183797
303	6.14129	0.9285288
304	0.4239635	0.06410093
305	4.329212	0.6545528
306	1.271775	0.1922853
307	5.605391	0.847504
308	6.269176	0.9478646
309	5.934415	0.8972506
310	3.311182	0.5006323
311	3.690142	0.5579289
312	0.4480648	0.0677449
313	0.1030879	0.01558632
314	0.6564875	0.09925725
315	5.818041	0.8796555
316	0.05915809	0.008944374
317	3.117494	0.4713477
318	0          0	
319	1.171904	0.1771854
320	2.101012	0.3176613
321	3.525001	0.5329605
322	0.1098824	0.0166136
323	0.3075669	0.0465024
324	0.5291276	0.08000115
325	5.7981	0.8766404
326	0.5867335	0.08871084
327	3.264679	0.4936014
328	6.210139	0.9389385
329	2.628449	0.3974069
330	5.797071	0.8764848
331	0.8074148	0.1220766
332	0.5172296	0.07820223
333	6.239923	0.9434416
334	1.834809	0.2774129
335	6.002649	0.9075671
336	3.600631	0.5443954
337	3.785093	0.5722851
338	5.541965	0.8379142
339	5.978668	0.9039414
340	0.3902211	0.05899926
341	3.814756	0.5767698
342	3.109353	0.4701169
343	3.605248	0.5450934
344	6.200051	0.9374133
345	5.373433	0.8124332
346	3.12009	0.4717402
347	3.360255	0.5080518
348	4.39459	0.6644376
349	4.116145	0.6223382
350	3.003357	0.4540909
351	5.134709	0.7763395
352	5.125938	0.7750133
353	0.6610432	0.09994605
354	6.125958	0.9262108
355	0.785398	0.1187478
356	0.6512666	0.09846788
357	2.89307	0.4374161
358	2.64924	0.4005503
359	0.3868759	0.05849348
360	0.1392856	0.0210592
361	6.202282	0.9377506
362	5.377884	0.8131061
363	3.823199	0.5780464
364	2.51279	0.3799198
365	3.390563	0.5126342
366	2.480551	0.3750454
367	0.6240165	0.09434783
368	1.128884	0.170681
369	3.79444	0.5736982
370	6.056394	0.915693
371	3.79444	0.5736983
372	5.259388	0.7951903
373	0.1613755	0.02439908
374	2.847832	0.4305763
375	3.628493	0.5486079
376	3.532207	0.53405
377	6.168458	0.9326365
378	3.419892	0.5170686
379	5.99236	0.9060115
380	5.579175	0.8435401
381	5.363467	0.8109263
382	9.089142	1.374228
383	3.688382	0.5576628
384	6.224424	0.9410983
385	3.03537	0.458931
386	3.648324	0.5516064
387	5.750574	0.8694547
388	5.245833	0.7931408
389	2.242396	0.3390378
390	2.270265	0.3432514
391	1.942499	0.293695
392	3.23226	0.4886997
393	1.296629	0.1960431
394	0.0850656	0.01286145
395	0.03123331	0.004722303
396	0.3270917	0.04945444
397	6.261913	0.9467664
398	6.141283	0.9285278
399	6.148858	0.9296731
400	2.752635	0.4161832
401	4.035566	0.6101552
402	4.059749	0.6138114
403	1.208252	0.182681
404	0.2996087	0.04529917
405	2.222844	0.3360817
406	3.306735	0.4999599
407	1.024007	0.1548242
408	0          0	
409	4.065624	0.6146998
410	2.754718	0.4164981
411	2.742379	0.4146325
412	0.2386093	0.0360764
413	5.790129	0.8754352
414	0.1351707	0.02043706
415	4.250257	0.6426152
416	1.114197	0.1684604
417	0.3217568	0.04864784
418	6.075696	0.9186115
419	0.6045986	0.09141194
420	3.840246	0.5806238
421	3.820249	0.5776004
422	0.8902752	0.1346047
423	3.345337	0.5057964
424	0.7247865	0.1095837
425	2.613519	0.3951496
426	0.3625381	0.05481374
427	0.3906133	0.05905856
428	0.07587123	0.01147131
429	3.151592	0.4765032
430	4.270014	0.6456024
431	2.18061	0.3296961
432	1.88073	0.2843559
433	1.197538	0.1810611
434	0.9707396	0.1467704
435	3.982491	0.6021304
436	0          0	
437	6.085785	0.9201368
438	5.454331	0.8246645
439	6.038208	0.9129434
440	0.3686957	0.05574474
441	1.209355	0.1828478
442	5.377164	0.8129973
443	6.002649	0.9075671
444	0.9928946	0.1501202
445	5.75769	0.8705308
446	5.694261	0.8609405
447	6.064517	0.9169213
448	6.283179	0.9499817
449	2.647651	0.4003101
450	5.90268	0.8924524
451	5.944667	0.8988006
452	0.9638147	0.1457234
453	4.986454	0.7539242
454	0.6976528	0.1054812
455	5.961436	0.901336
456	5.867115	0.8870751
457	3.376598	0.5105228
458	0.1853542	0.02802453
459	1.014197	0.153341
460	0.3465388	0.05239474
461	3.421543	0.5173183
462	5.747079	0.8689263
463	2.220668	0.3357526
464	5.379484	0.813348
465	3.171887	0.4795717
466	3.141594	0.4749915
467	2.869595	0.4338667
468	5.819539	0.8798819
469	2.738846	0.4140983
470	5.438256	0.822234
471	0.7590885	0.11477
472	6.206414	0.9383752
473	5.057264	0.7646301
474	2.750987	0.4159339
475	0.5191524	0.07849295
476	0.6564109	0.09924568
477	6.020197	0.9102203
478	6.240839	0.9435802
479	0.6171851	0.09331495
480	0.3985224	0.06025438
481	3.79147	0.5732492
482	5.587178	0.8447502
483	0.8831646	0.1335296
484	1.936005	0.2927132
485	2.329175	0.3521583
486	0.1483278	0.02242634
487	0.199549	0.03017069
488	0.3217504	0.04864687
489	4.127788	0.6240985
490	6.115755	0.9246681
491	0.07030654	0.01062996
492	6.164019	0.9319653
493	3.341935	0.5052819
494	5.74689	0.8688978
495	6.12181	0.9255837
496	0.4834535	0.07309548
497	3.324703	0.5026767
498	5.873059	0.8879738
499	0.6510706	0.09843825
500	3.543173	0.535708
501	1.107142	0.1673937
502	6.090791	0.9208937
503	3.996786	0.6042918
504	0.1466665	0.02217516
505	5.519699	0.8345478
506	0.106813	0.01614952
507	2.504516	0.3786688
508	2.754822	0.4165137
509	3.301882	0.4992262
510	3.800292	0.574583
511	0.1798472	0.0271919
512	3.08808	0.4669005
513	5.942933	0.8985384
514	6.631379	1.002628
515	6.218061	0.9401362
516	2.429823	0.3673757
517	2.754718	0.416498
518	3.338989	0.5048366
519	0.4939349	0.0746802
520	0.1916873	0.02898206
521	3.301377	0.4991498
522	0.193398	0.0292407
523	5.881599	0.8892651
524	2.887737	0.4366098
525	0.0331068	0.005005565
526	0.7720654	0.116732
527	5.714668	0.864026
528	2.693651	0.4072651
529	3.802643	0.5749384
530	0.2140543	0.03236382
531	4.138083	0.6256552
532	6.076982	0.918806
533	0.9732398	0.1471484
534	2.966	0.4484427
535	5.879616	0.8889652
536	0.2954347	0.04466809
537	0.2847238	0.04304865
538	0.2419143	0.03657609
539	5.16083	0.7802887
540	5.206849	0.7872466
541	2.246552	0.3396661
542	0.02840996	0.004295427
543	5.607232	0.8477823
544	2.859601	0.4323558
545	0.06198955	0.009372475
546	5.705284	0.8626072
547	0.9964979	0.1506649
548	0.3529966	0.05337112
549	5.733161	0.8668221
550	5.366954	0.8114536
551	3.822115	0.5778825
552	0.2895038	0.04377137
553	1.093816	0.1653789
554	6.173626	0.933418
555	3.519623	0.5321474
556	0.3217568	0.04864784
557	3.092182	0.4675207
558	3.357467	0.5076303
559	0.2819986	0.04263663
560	0.3743336	0.05659716
561	3.14835	0.476013
562	5.476046	0.8279476
563	0.9009702	0.1362217
564	6.153867	0.9304304
565	0.06548023	0.009900247
566	5.627369	0.8508269
567	2.687629	0.4063546
568	1.147942	0.1735625
569	0.2013173	0.03043806
570	0.3985226	0.0602544
571	2.411694	0.3646347
572	2.822759	0.4267854
573	4.041246	0.6110139
574	1.971707	0.2981111
575	6.019789	0.9101586
576	5.247723	0.7934265
577	5.53168	0.8363592
578	2.123271	0.3210267
579	0.04542303	0.00686771
580	0.4502664	0.06807777
581	0.472219	0.07139689
582	1.079109	0.1631553
583	3.017231	0.4561885
584	3.423372	0.5175948
585	3.465574	0.5239755
586	6.047484	0.914346
587	2.281221	0.3449079
588	5.753243	0.8698584
589	0.114254	0.01727457
590	6.158831	0.931181
591	6.118031	0.9250122
592	5.569101	0.8420171
593	3.434162	0.5192261
594	3.141593	0.4749914
595	6.173543	0.9334053
596	0.0665682	0.01006474
597	0.4392619	0.06641395
598	1.919112	0.290159
599	2.87599	0.4348337
600	3.651566	0.5520965
